0
0
0
0
0
0
0
0
0
0
0
0
0
0
0
0
0
0
0
0
0
0
0
0
0
0
0
0
0
0
0
0
0
0
0
0
0
0
0
0
0
0
0
0
0
0
0
0
0
0
0
0
0
0
0
0
0
0
0
0
0
0
0
0
0
0
0
0
0
0
0
0
0
0
0
0
0
0
0
0
0
0
0
0
0
0
0
0
0
0
0
0
0
0
0
0
0
0
0
0
0
0
0
0
0
0
0
0
0
0
0
0
0
0
0
0
0
0
0
0
0
0
0
0
0
0
0
0
0
0
0
0
0
0
1
1000067
1000132
1000250
1000503
1000573
1000587
1000828
1000899
1001051
1001163
1001179
1001301
1001335
1001342
1001583
1001584
1001784
1001799
1001800
1001909
1002562
1002673
1002844
1002881
1003227
1003277
1003350
1003351
1003998
1004003
1004090
1004464
1004905
1004941
1005029
1005031
1005560
1005569
1005697
1005964
1006008
1006088
1006157
1006207
1006210
1006230
1006236
1006319
1006398
1006496
1006865
1007181
1007193
1007262
1007303
1007476
1007686
1007927
1008159
1008196
1008312
1008417
1008418
1008495
1008500
1008550
1008552
1008638
1008646
1008849
1008997
1009603
1009680
1009684
1009940
1009956
1009963
1009965
1009970
1009993
1010004
1010153
1010349
1010702
1010714
1010724
1010748
1010774
1010811
1010850
1010873
1010883
1010917
1011170
1011171
1011438
1011443
1011462
1011491
1011551
1011589
1011596
1011633
1011643
1011677
1011695
1011705
1011724
1011845
1011859
1011860
1011872
1011917
1011995
1011997
1012062
1012116
1012121
1012180
1012222
1012782
1013162
1013635
1013683
1013780
1013790
1013929
1013983
1014314
1014381
1014630
1014642
1014664
1014709
1014862
1015134
1015380
1015452
1015453
1015920
1015965
1015970
1015993
1016320
1016340
1016381
1016419
1016564
1016729
1016980
1017279
1017297
1017305
1017324
1017367
1017376
1017634
1017645
1017660
1018134
1018209
1018210
1018232
1018337
1018454
1019337
1019422
1019424
1019482
1019854
1019858
1020055
1020320
1020342
2200387
2201389
2201602
2201604
2201736
2201739
2201776
2201848
2202294
2202499
2202661
2202667
2202754
2203332
2203629
2203681
2203847
2203903
2203977
2204017
2204054
2204158
2204163
2204317
2204837
2204847
2204867
2205116
2205124
2205391
2205593
2205640
2206072
2206169
2206183
2206184
2206204
2206358
2206439
2206494
2206674
2206846
2206875
2207247
2207253
2207288
2207391
2207439
2207470
2207472
2207495
2207500
2207515
2207525
2207542
2207546
2207563
2207566
2207567
2207581
2207582
2207611
2207615
2207622
2207633
2207689
2207728
2207836
2208133
2208143
2208252
2208318
2208467
2208518
2209202
2209324
2209428
2209731
2210261
2210769
2211067
2211242
2211336
2212341
2212359
2212543
2212587
2212962
2212972
2213220
2213339
2213371
2213396
2213431
2213843
2213856
2214066
2214109
2214269
2214312
2214415
2214442
2214497
2214500
2214546
3200750
3200768
3200773
3201152
3201230
3201354
3201548
3201581
3201643
3201690
3201980
3202047
3202162
3202265
3202831
3202897
3202971
3203146
3203242
3203410
3203419
3203453
3203629
3203695
3204101
3204235
3204915
3205014
3205015
3205333
3205703
3205938
3208287
3300025
3300558
3300605
3300632
3300633
3300653
3300658
3300688
3300693
3300717
3300918
3301090
3301098
3301115
3301247
3301321
3301334
3301774
3301894
3302050
3302133
3302240
3302330
3302334
3302372
3302403
3302426
3302443
3302472
3302685
3302829
3303024
3303313
3303317
3303345
3303407
3303475
3303650
3303659
3303672
3303819
3303882
3304070
3304078
3304106
3304135
3304320
3304324
3304330
3304595
3304604
3304689
3304743
3304770
3304774
3304814
3305065
3305164
3305274
3305409
3305448
3305450
3305746
3306178
3306641
3307442
3307489
3307857
3400007
4001815
4001825
4002722
4002726
4003082
4003618
4003746
4003853
4004067
4004073
4004206
4004309
4007576
4007958
4007969
4008271
4008484
4008486
4008571
4008605
4008654
4008656
4009100
4009705
4010313
4010715
4010867
4011680
4012344
4012347
4013272
4013392
4013740
4013965
4400147
4400641
4400646
4400671
4400680
4400754
4401011
5000102
5000120
5000232
5000238
5000318
5000414
5000420
5000587
5000639
5000657
5000731
5000732
5000752
5000753
5000754
5000895
5000903
5001160
5001182
5001222
5001346
5001349
5001357
5001361
5001365
5001367
5001371
5001376
5001380
5001381
5001384
5001502
5001652
5001653
5001655
5001660
5001677
5001684
5001688
5001689
5001695
5001704
5001705
5001731
5001741
5001749
5001751
5002086
5002175
5002181
5002408
5002546
5002581
5002584
5002613
5002619
5002621
5002628
5002636
5002638
5002683
5002782
5002785
5002787
5002789
5002794
5002797
5002798
5002799
5002803
5002815
5002816
5002824
5002830
5002982
5003193
5003231
5003255
5003259
5003260
5003272
5003273
5003334
5003340
5003364
5003365
5003402
5003404
5003407
5003442
5003461
5003463
5003480
5003522
5003528
5003529
5003545
5003642
5003648
5003650
5003654
5003656
5003683
5003685
5003687
5003713
5003721
5003791
5003831
5003860
5003972
5003998
5004056
5004061
5004155
5004165
5004188
5004420
5004446
5004451
5004690
5004712
5004776
5004777
5004805
5004807
5004829
5004840
5004851
5004878
5004882
5004909
5004942
5004970
5004985
5005036
5005037
5005168
5005174
5005209
5005239
5005243
5005248
5005262
5005268
5005275
5005277
5005279
5005325
5005327
5005328
5005329
5005353
5005357
5005358
5005362
5005365
5005468
5006063
5006074
5006081
5006101
5006202
5006204
5006211
5006310
5006727
5006871
5006875
5006876
5006889
5006897
5007086
5007089
5007093
5007094
5007126
5007155
5007185
5007220
5007261
5007341
5007371
5007457
5007513
5007519
5007525
5007548
5007746
5007747
5007770
5007818
5007821
5008042
5008049
5008300
5008328
5008352
5008354
5008374
5008376
5008384
5008415
5008434
5008438
5008439
5008450
5008454
5008460
5008471
5008487
5008511
5008519
5008527
5008615
5008619
5008621
5008627
5008634
5008636
5008673
5008698
5008720
5008722
5008735
5008738
5008784
5008809
5008811
5008837
5008857
5008944
5009147
5009190
5009194
5009212
5009250
5009275
5009295
5009299
5009300
5009302
5009346
5009347
5009397
5009408
5009411
5009415
5009460
5009462
5009463
5009466
5009467
5009469
5009472
5009473
5009476
5009493
5009496
5009497
5009519
5009620
5009648
5009649
5009665
5009834
5009871
5009898
5009899
5009933
5009943
5009986
5010049
5010051
5010160
5010200
5010334
5010338
5010339
5010379
5010492
5010510
5010579
5010606
5010660
5010716
5010729
5010867
5010881
5010892
5010918
5010920
5011018
5011080
5011100
5011114
5011158
5011167
5011183
5011190
5011269
5011312
5011433
5011436
5011452
5011575
5011600
5011701
5011715
5011722
5011789
5011810
5011821
5011822
5011994
5011998
5012003
5012008
5012010
5012035
5012197
5012251
5012501
5012512
5012621
5012622
5012664
5012672
5012833
5012969
5012970
5012974
5012976
5013026
5013065
5013113
5013133
5013190
5013191
5013196
5013318
5013319
5013321
5013322
5013324
5013325
5013326
5013327
5013328
5013329
5013333
5013334
5013335
5013337
5013338
5013341
5013346
5013347
5013348
5013349
5013350
5013352
5013411
5013438
5013440
5013442
5013446
5013545
5013629
5013663
5013666
5013671
5013672
5013674
5013676
5013678
5013679
5013682
5013690
5013691
5013694
5013698
5013700
5013704
5013707
5013714
5013715
5013716
5013728
5013734
5013735
5013738
5013739
5013740
5013742
5013744
5013747
5013749
5013751
5013753
5013758
5013762
5013767
5013768
5013774
5013776
5013795
5013799
5013800
5013808
5013812
5013817
5013819
5013824
5013830
5013831
5013834
5013838
5013842
5013843
5013844
5013847
5013848
5013856
5013864
5013875
5013876
5013877
5013880
5013888
5013889
5013890
5013894
5013897
5013898
5013907
5013910
5013911
5013915
5013917
5013918
5013919
5013923
5013927
5013928
5013935
5013948
5013953
5013956
5013957
5014098
5014109
5014150
5014157
5014182
5014197
5014215
5014276
5014279
5014290
5014295
5014297
5014305
5014306
5014310
5014317
5014351
5014436
5014437
5014442
5014452
5014467
5014472
5014477
5014485
5014495
5014496
5014499
5014500
5014501
5014505
5014507
5014508
5014511
5014520
5014522
5014529
5014530
5014532
5014533
5014535
5014536
5014537
5014541
5014549
5014550
5014553
5014554
5014560
5014561
5014563
5014567
5014570
5014571
5014579
5014583
5014590
5014602
5014606
5014610
5014615
5014622
5014624
5014625
5014628
5014668
5014689
5014690
5014692
5014694
5014696
5014699
5014701
5014702
5014704
5014706
5014707
5014710
5014711
5014712
5014718
5014722
5014740
5014755
5014809
5014845
5014847
5014858
5014896
5014944
5014956
5015017
5015019
5015021
5015023
5015024
5015027
5015029
5015030
5015038
5015040
5015043
5015044
5015047
5015048
5015051
5015052
5015055
5015058
5015062
5015063
5015064
5015068
5015070
5015071
5015079
5015082
5015084
5015092
5015174
5015289
5015353
5015384
5015576
5015578
5015668
5015670
5015681
5015790
5015817
6000283
6001122
6001378
6002248
6002272
6002413
6002419
6002613
6002680
6002890
6002897
6002903
6002928
6002931
6002933
6002938
6002953
6002958
6002960
6003360
6003401
6003806
6003812
6003959
6004184
6004185
6004189
6004193
6004255
6004296
6004380
6004399
6004448
6004483
6004493
6004566
6004571
6004576
6004635
6004658
6004677
6004694
6004706
6004770
6004822
6004917
6004934
6005162
6005244
6005364
6005418
6005486
6005494
6005580
6005679
6005856
6005942
6005963
6006271
6006274
6006329
6006333
6006418
6006610
6006653
6006667
6006694
6006707
6007088
6007122
6007407
6007421
6007426
6008087
6008283
6301977
6302007
6302064
6302118
6302119
6302587
6302942
6302945
6304360
6304410
6304420
6304483
6304484
6304494
6304498
6304597
6304601
6304613
6304890
6315211
6315254
6315275
6315289
6315550
6315672
6315998
6316086
7100438
7100693
7100808
7100819
7100907
7100974
7101037
7101053
7101229
7101238
7101366
7101542
7101558
7101615
7101621
7101627
7101655
7101657
7101827
7101857
7102018
7102164
7102402
7102556
7102568
7102634
7102672
7103019
7103024
7103028
7103053
7103143
7103185
7103404
7103441
7103858
7103863
7103894
7103896
7104110
7104189
7104195
7104384
7104385
7104402
7104413
7104422
7104751
7104768
7104799
7104801
7104999
7105006
7105024
7105233
7105235
7105294
7105308
7105314
7105393
7105413
7105415
7105452
7105453
7105454
7105475
7105484
7105570
7105575
7105597
7105616
7105642
7105804
7105855
7105916
7105987
7106019
7106023
7106045
7106048
7106055
7106078
7106109
7106110
7106164
7106167
7106183
7106185
7106214
7106219
7106220
7106225
7106237
7106294
7106301
7106308
7106328
7106347
7106361
7106377
7106380
7106404
7106424
7106510
7106511
7106518
7106602
7106694
7200134
7200186
7200193
7200293
7200387
7200403
7200404
7200405
7200528
7200744
7200817
7200988
7201040
7201056
7201082
7201250
7201328
7201550
7201640
7201724
7201834
7201840
7201852
7201907
7202346
7202350
7202369
7202398
7202407
7202412
7202416
7202421
7202434
7202448
7202553
7202572
7202604
7202605
7202623
7202687
7202756
7202761
7202799
7202821
7203029
7203040
7203211
7203233
7203411
7203477
7203525
7203802
7203817
7203869
7203872
7203894
7204110
7204122
7204140
7204195
7204196
7204224
7204243
7204248
7204274
7204284
7204285
7204298
7204300
7204346
7204361
7204362
7204379
7204389
7204471
7204741
7204765
7204788
7204805
7204860
7204875
7204915
7204950
7204994
7204997
7205004
7205025
7205068
7205076
7205186
7205206
7205210
7205245
7205254
7205278
7205291
7205296
7205299
7205307
7300305
7301686
7301717
7301735
7301810
7301811
7301819
7301930
7302015
7302028
7302072
7302084
7302296
7302390
7302395
7302422
7302847
7303597
7303709
7303732
7303808
7303927
7303939
7303955
7304114
7304118
7304131
7304170
7304173
7304177
7304940
7305018
7305241
7305244
7305413
7305454
7305480
7305867
8000012
8000015
8000027
8000032
8000033
8000057
8000097
8000106
8000116
8000149
8000155
8000162
8000180
8000187
8000202
8000221
8000323
8000333
8000336
8000340
8000345
8000379
8000389
8000400
8000402
8000479
8000484
8000509
8000515
8000529
8000560
8000568
8000608
8000642
8000643
8000743
8000744
8000768
8000803
8000811
8000820
8000840
8000848
8000850
8000894
8000903
8000907
8000912
8001047
8001060
8001064
8001070
8001078
8001088
8001090
8001109
8001118
8001245
8001294
8001309
8001390
8001419
8001457
8001531
8001534
8001567
8001568
8001660
8001668
8001675
8001756
8001890
8001926
8002136
8002185
8002189
8002260
8002311
8002385
8002390
8002407
8002408
8002421
8002429
8002482
8002612
8002618
8002634
8002808
8002827
8002829
8002980
8002994
8003027
8003028
8003069
8003073
8003096
8003162
8003173
8003255
8003269
8003274
8003298
8003420
8003431
8003436
8003495
8003496
8003497
8003498
8003675
8003715
8003782
8003845
8003917
8003921
8003956
8004045
8004054
8004187
8004190
8004193
8004213
8004224
8004235
8004364
8004384
8004406
8004496
8004540
8004906
8004926
8005031
8005062
8005132
8005173
8005199
8005485
8005488
8005641
8005649
8005673
8005719
8005749
8005757
8005790
8005851
8005911
8005915
8005929
8005930
8005954
8005958
8005959
8005965
8006314
8006380
8006616
8006629
8006662
8006678
8006686
8006691
8006835
8006845
8006873
8006879
8007107
8007573
8007600
8007602
8007605
8007608
8007618
8007626
8007632
8007634
8007639
8007640
8007644
8007653
8007654
8007660
8007902
8007953
8007980
8007987
8007989
8007992
8007997
8008002
8008007
8008009
8008012
8008015
8008017
8008026
8008027
8008031
8008034
8008038
8008042
8008048
8008059
8008064
8008117
8008129
8008211
8008324
8008328
8008727
8008736
8008768
8008811
8008837
8008898
8008919
8008940
8009105
8009106
8009108
8009109
8009774
8009800
9000084
9000445
9000719
9001667
9001902
9001930
9001934
9002037
9002149
9002160
9002253
9002264
9002344
9002700
9002779
9003257
9003415
9003509
9003531
9003584
9003633
9003761
9003904
9003965
9004000
9004123
9004348
9004443
9004458
9004476
9004518
9004527
9004913
9005026
9005034
9005088
9005115
9005323
9005555
9005557
9005571
9005586
9005782
9005970
9005985
9005989
9005999
9006034
9006174
9006489
9006609
9006616
9006665
9006729
9006735
9006737
9006867
9006914
9006950
9007744
9007796
9007797
9007824
9007867
9008044
9008217
9008221
9008225
9008226
9008257
9008267
9008270
9008272
9008273
9008278
9008279
9008285
9008287
9008292
9008293
9008294
9008296
9008300
9008647
9008866
9008895
9008900
9008912
9008914
9008922
9008926
9008934
9008984
9009025
9009047
9009056
9009057
9009058
9009062
9009063
9009068
9009074
9009075
9009078
9009105
9009108
9009114
9009125
9009136
9009137
9009138
9009153
9009178
9009184
9009230
9009231
9009236
9009248
9009386
9009577
9009794
9009981
9009994
9010240
9010349
9010552
9010590
9010715
9010742
9010776
9010873
9011191
9011194
9011217
9011327
9011666
9011671
9011672
9011837
9011838
9011901
9011927
9012000
9012141
9012243
9012276
9012282
9012294
9012296
9012300
9012323
9012419
9012428
9012533
9012556
9013049
9013056
9013116
9013194
9013275
9013294
9013667
9013886
9014006
9014022
9014477
9014581
9014714
9014717
9015930
9015974
9016001
9016033
9016123
9016127
9101493
9102118
9102226
9103109
9300008
9300012
9300020
9300022
9300036
9300063
9300070
9300073
9300078
9300083
9300119
9300129
9300131
9300144
9300163
9300166
9300192
9300357
9300377
9300383
9300391
9300427
9300429
9300443
9300445
9300448
9300451
9300457
9300525
9300548
9300580
9300583
9300642
9300663
9300668
9300717
9300723
9300725
9300844
9300847
9300999
9301001
9301176
9301233
9301254
9301255
9301256
9301258
9301289
9301348
9301411
9301457
9301572
9302319
9302333
9302483
9302484
9302502
9302506
9302511
9302516
9302523
9302529
9302536
9302587
9302594
9302681
9302822
9302825
9302828
9302829
9302830
9302861
9302875
9302907
9303042
9303154
9303162
9303163
9303189
9303195
9303217
9303402
9303524
9303526
9303544
9303546
9303567
9303576
9303581
9303602
9303613
9303616
9303633
9303661
9303665
9303669
9303675
9303683
9303684
9303695
9303729
9303816
9303842
9303864
9303880
9303888
9303904
9303953
9303971
9304149
9350319
8003763
5009666
8000685
1013566
8007066
1013218
5009673
1014823
3200580
5009674
1009886
5009681
1013383
1020596
3200718
5010023
9102962
3200723
8008720
5010046
3207496
5012081
1020180
3200785
0
4008609
5012267
4008606
5010545
1005686
8001460
9005037
5010553
0
8000040
5010580
6004415
5010581
8000702
5010585
9012340
0
5013377
8003072
9004942
5012822
8002883
8003168
1012698
5013530
8003179
8004710
7301965
5011757
7301969
5012263
8003236
5008101
8003771
8003013
5003679
8004400
8003281
8003776
5003700
0
8003270
5005061
8003130
8004541
5003753
6002469
8004587
8004590
5003770
8003332
5003772
8004452
6002475
5003808
9007346
0
5004953
1005101
5003794
9001042
1013696
9008644
8009783
6003500
9013104
6303789
5003844
8010094
9001557
8003831
1006537
4001248
5011615
0
9000046
5011617
9013428
5003861
9013427
5010401
3208352
5004760
8010122
5004923
3201394
0
8010123
9013420
1016673
5004646
9002930
1016672
5004848
2210726
7301975
5004770
8010127
1009893
1005167
1000204
1009743
5007700
5002434
5004649
8010132
1000551
5011735
1017378
5011976
1017662
5011736
1000925
1006364
1000877
0
5014962
1000879
0
1000977
0
9007590
1001309
0
1002005
0
5014329
1002480
5014332
8004715
1008498
0
5014333
8001375
1008480
5014336
8010163
4005717
4005696
0
6007020
8010173
6007129
5014345
8010174
6007130
8001581
7103122
0
8001426
8003955
8010179
8001629
0
8007538
0
8007747
8010185
0
8001438
5014350
8005075
4003463
8010197
5014354
4003466
8010199
5014367
5014372
9008304
4003470
5014374
4003472
9011435
9008305
9011437
5014378
5014380
9008308
5014382
4003498
9008309
5014384
1005160
2208196
5014680
9008313
4007968
3305362
9008315
3400313
3400606
9008317
3400641
5014684
3400647
0
3400666
0
5002629
3400678
5014632
4000424
9008322
5014636
9008323
3203700
4004532
9008324
4012258
5014647
9008326
5014653
5009911
9008328
5007333
5014662
9008329
4012875
9008331
8003764
5014669
4013122
1017825
4013141
4013273
9008336
4003456
5014675
8003378
4013708
9008339
9302004
9008340
4001138
4013717
9302015
4001206
4013863
4013874
9302036
9302024
4001182
4013897
5058029
6316241
9302049
9008349
0
6316276
9302054
0
9008352
9302068
1001451
9008355
9302072
1018658
4006056
9302073
9008356
9303171
9004794
6006993
6006561
9009061
6006704
6006914
9303174
9008363
9302098
0
0
9008366
4004405
6005741
6003679
0
6002294
9302159
3301737
6003799
5014066
3301928
6002418
9008379
5014187
6005630
1014320
5014191
7106495
1007284
6004594
1007213
6005535
5014128
1005083
6004707
5010206
0
6005560
5010212
1007798
6003213
0
1009622
5008960
7106670
0
0
6000036
4001853
5000993
7101918
5000995
9012318
7106709
5001000
8006141
9012715
8005732
5006111
8002247
5012358
2202615
5011561
9102975
5011553
4009414
5005587
3204114
8007888
1011434
1001635
8000322
3202824
1001656
2200664
4008459
7101424
1014600
1014597
5000404
1014594
7105727
9300162
0
0
4003268
5004885
4010214
5004890
7100328
9010662
9004891
7102021
5004896
9102815
6004759
7102024
1007853
7101685
5013780
5002217
5002578
9008456
7100049
5007435
5002647
5011737
2201590
7100562
1011302
5005320
9011861
0
1003238
5004485
7100560
5013959
1003372
7101954
5013962
2204451
5005931
5013964
1016514
5013974
1016491
2207719
5013978
2207729
5014249
7100339
1009213
5014252
7100474
5014253
1020246
5014254
7103357
1006023
5013985
7100263
5014403
0
6006947
8004469
4001274
5013999
8004494
5014000
1016387
0
1016371
5014001
1009302
5014003
1016339
1009618
5014005
1006040
8007487
9300907
5014006
5014009
8004624
5014011
0
8004627
3305061
5014012
3304688
5014013
5014015
1001397
3305277
3303591
7304281
5014022
8009368
3304610
5007483
0
5007485
8004953
3304596
0
5014387
5014392
8005530
5014393
1015338
5014395
5014396
8005579
5014397
1015375
4003557
8005908
5058071
5014409
8000801
5014411
6001974
4009009
6001982
4002023
5014415
6002041
8001389
5014416
6003934
8001396
5014418
0
6007920
4002072
5014422
5014428
0
6007278
5014448
8005626
6007476
3202366
5014450
6007527
3202370
6007867
5014432
8009117
5014487
8006614
3202064
6007263
0
3202068
9303998
0
6008070
8005713
9300201
9300205
6008159
9300209
1002923
8006118
8006123
9300219
6008198
9300830
8006116
9301078
6008228
8008895
1018607
9301083
6008255
1018611
8009291
2205720
9301107
6008318
9301358
6008326
9301114
6008363
1013809
9301124
6008398
7104325
9301126
1004888
6304291
9302170
8010211
9302171
6301959
8010213
6007917
8007286
9302188
9011970
8007290
9302189
8007294
9302192
8007152
7103467
8008206
9302193
7104159
9302200
1004045
1018648
9302201
8009207
9302204
9006987
8009270
1008966
9000142
9302209
8009428
9011221
9302213
0
8009463
9302216
1005343
8009554
9302220
9007935
9302224
5010718
8009751
9302230
1012242
6303911
1012637
9302262
8001342
9302267
8010189
6302186
1011284
1006832
1013998
8000093
3306066
1006824
9302277
1014055
1006896
9302284
1013889
8004867
1004351
1005928
1016376
1019108
2206366
1005562
2205944
0
0
1005511
9302290
6007364
1005548
5014869
2204835
5014880
6003780
5014892
5014893
6004795
1008541
5014897
7102242
1018997
5014899
5014900
5014902
5002607
1007269
1004534
5015393
5014903
5014906
0
1008207
5014910
3203696
1004709
5014911
9009034
5014913
9014871
1004599
5014914
8003879
1008397
9008386
1008333
6007127
1008264
9008391
1019798
5014923
1001897
1008184
5014927
1004654
5014929
4003991
1015286
4003994
1008356
9008401
5014932
5014933
9008403
1004677
5014935
8003376
9008406
5014941
9008549
0
6002943
1004011
5014965
9009037
0
5014953
9009042
6002954
1004323
1004026
5015417
6002924
1014638
0
9009046
1004326
1004144
7204449
9300913
0
7204460
0
0
0
5014971
7304067
9300917
7204486
5014024
7304280
5014026
7204809
9300920
1015398
5014027
7204824
5014028
7204868
5014030
9300924
9300925
7204895
5014032
9300926
7204904
5014034
9300927
5014036
1020220
7204917
5014049
5014067
1010000
9300938
5014085
1011920
5014155
7205005
9300859
5014161
5014166
1014795
9300862
5014170
5014171
8009015
9300885
7205145
8009044
5014173
9300893
7205146
9300875
8009102
9300876
5014199
5014200
5014201
5014203
8009555
5014204
9302476
7205237
5014216
9302477
8009565
7101681
5014217
5014218
7100839
3300854
0
0
7100841
0
5014226
8009638
7100871
8009642
5014238
0
5014243
3302849
7100956
3302117
8009772
0
3302130
6302072
6304171
7100943
5014262
6002148
9301188
0
6303487
9301209
9301214
0
7101404
9301215
0
7101485
1017624
7105917
1017625
9301223
9301236
8006793
9301292
7103919
8002795
1017638
9301295
7101932
9304026
1015345
9301314
1015359
9301316
7104480
1000698
9301322
9004085
1015476
7102147
9004088
9301326
7102320
9303831
9000630
7102383
0
1019385
1019358
8008794
1019427
9301443
9303829
7102520
1019420
7102521
1019421
0
9301431
2206741
9303179
2206743
7102572
1011585
9301446
1011588
0
1011560
2206715
9302045
1011561
0
7102776
1011564
9301464
1011635
1011811
0
9301470
9301475
1009074
1010725
0
9301493
0
1010762
9301495
8004756
1019340
7104051
1019332
9302297
9005588
3306074
9302304
1014393
9302309
1012189
7101436
9302393
7101435
1017505
9302459
3205713
9302460
1011534
9302461
3205986
9302463
7103690
5006506
9302538
1012215
7105284
1015372
9302540
7105291
1019855
7105275
1014733
9302552
1019414
0
9302599
5008939
9302602
5008961
5006442
9302607
1010814
7100527
5006452
1015477
7100513
9303182
1015478
1010755
9302615
7105781
1012349
1010756
7103316
9302622
7100311
9304150
0
7102026
1014758
9303274
1020047
9303323
7100775
2207341
9303334
7100772
9302691
7304875
7303045
5014812
7303374
0
0
7100045
1001452
5007670
7303845
7100322
7103470
5007683
7100323
0
7100329
5011773
7304155
7103465
7105670
1009671
0
5011783
7105671
5011787
7100586
0
0
1001730
0
7100587
7302867
1013425
7105676
5007244
5011830
0
5011832
7303190
8007329
1001935
8007316
5012016
5012018
2202759
0
5012037
1000716
5012038
8004110
2205877
1003803
5012041
8004196
1006926
0
2213687
0
2210771
2211966
6001232
1018490
6002915
5012050
2213597
1008218
5014998
6002912
5014999
6005493
1014155
5015000
6005498
2214067
6005501
5015003
5015004
0
6004306
4000048
4000046
7204527
5015007
3301131
5015009
3301038
3300015
5015012
4000794
3301143
5015013
7204510
3301149
1014192
3301279
4000822
1004731
4000838
4000858
1008794
0
4000896
3303715
5014738
3300885
5014734
7202520
5014737
7200742
4001047
3301168
9101697
3301284
6004364
9101707
6002835
9015289
9015293
3301307
6001792
3302149
6304336
9101653
9012662
9008814
3201560
6304223
6300343
6300336
7200464
6300247
9012373
6304227
9012823
6300330
9012275
7201297
0
9102981
6304226
7201351
9102172
9102245
3301184
6300630
9102210
7203216
3300952
9102215
6301885
9013820
9012201
1019521
0
9012782
1006041
3201757
9102753
3201761
7203085
1012183
9100198
4003555
9004478
4003527
9014858
7205243
9004983
8003328
7205251
9010595
1017504
9103136
7102460
9012832
1011630
0
7101242
9301511
1015346
1012177
9301520
1016246
1012249
1012993
9301524
1003754
1019824
9301525
1005386
1011582
9301528
1011583
9301529
9301534
7100674
0
9301535
1012324
1011807
7100669
9301538
1011808
7102698
7101502
1012134
1018729
9301545
1000286
1005362
1017355
9301550
1017507
0
9301553
1015352
2202684
9301565
7101358
1011973
8003769
7101339
1019406
6002920
7101347
1012174
6006334
6002945
5010392
6002946
7105662
6006335
5013787
4013707
7101652
6002949
7101647
4013862
5012277
6006336
7100205
6002037
6002276
6006403
5004747
6002281
5004739
6003933
6006423
5012091
6008038
6007223
0
5012575
5009575
0
0
1008341
6303666
0
3203796
6303676
7103442
5015854
5013641
6304356
5013643
1009557
6304363
3203871
7105737
3201067
6304393
5013603
6304413
3203455
3203468
0
7104889
3203470
5005505
6304367
3203472
5010782
7104907
6304384
6304457
5002468
6304461
3203134
6304465
6304469
5002462
3203485
6304473
5002459
6304486
7105004
5002472
6304489
5002463
0
6304493
5002464
2201587
5002469
2214184
5012766
5008659
7105031
3200803
5013269
2214467
0
5000366
2214490
7101204
0
5000370
2213316
9005773
5008555
3201333
7105518
3203935
7105382
5008562
5008566
3207473
5008585
3208344
5001268
9001673
3400620
9009240
5001525
3400676
9007650
0
5003358
4005529
9005265
9011698
5003507
4005526
2205624
4005523
5004783
1015334
5004791
9014892
5011559
1009746
1007503
5012141
5000960
1017281
5000961
1011718
1015332
5000962
9005355
1010710
9005498
5008552
5008553
9013207
1011517
6002462
1011916
5002212
6007519
1010746
9002711
5000433
9003818
9007388
1015399
5012918
1011676
9002954
5000435
1011883
5002256
1011884
5002258
9004214
5002231
9003238
1005958
9004356
1021404
1015950
1018104
5008829
0
1009251
5015397
1006133
8001230
3201679
8001231
5010118
8001232
1018140
0
1016456
8001233
0
3301002
8001234
0
5009368
8001236
3300976
9012837
3300978
8001239
1016356
9012841
3201888
8002467
3201883
8002479
1021136
1013985
1016398
0
0
1009544
1002704
3303828
0
1005971
3301013
1011227
1006112
1016433
3201931
1002615
1005565
1005521
1002254
1009556
8007026
9303822
7103393
1009592
9302560
8004716
9302564
1020053
9300532
8002696
0
8003793
8008254
8005676
9303620
7305416
9300733
9303631
8005491
9302429
5004219
9300691
0
7305460
9303166
7305488
8000810
9303161
4005217
9303467
7305520
9302042
8000982
0
1004798
9304101
1005233
0
6003215
1013668
9300243
0
1017275
8009186
9300996
6003220
8008006
1019992
5010516
1020636
0
1020686
1020913
9007254
1021099
5001177
1009373
5003038
5003039
1005636
5003040
4400126
7304074
5012802
1001925
0
5002842
4400021
7302738
4400051
5009696
7302693
1002016
5009698
1005607
0
7302709
5002849
2202489
5009706
2202494
5009707
0
5009712
6304627
5002567
7302752
5005948
6304635
5011271
5011272
6304745
6304749
2202509
5012276
6304764
7301821
5012287
6304781
7204523
6304787
5011304
7303872
5012485
5012448
7204375
7201546
5009732
7105002
7103399
7200061
5012853
7106663
7106692
7303704
5012855
4011710
5009628
8005844
3303777
0
7200461
5013107
8007517
9008706
7203882
5001155
9007142
7200284
5001159
5008597
5008602
3204837
4005024
5008604
5005378
3207529
7302417
3205786
5005638
3203172
4005154
7302421
1019217
7302431
7202901
1003125
3201244
1003128
8001104
5005434
0
8001177
4000093
5012072
6004775
5012076
4000144
8001658
5002456
4000071
6002307
4000371
5001204
5001271
7100453
4000383
5006252
4000431
5007825
4000413
5003690
5013139
6005194
5008996
5007188
3201719
6002333
5009403
7105088
3205682
5005886
7100286
5005875
6000075
7100283
6007312
6002321
7100435
5013649
6000419
6005219
0
7100440
6001582
5007885
6001581
5007896
1009987
9015825
5007901
1015585
6304337
5004695
9015826
5010095
6304269
5008154
6304217
5014972
9015828
5010091
6304321
6300201
9015830
5014985
5009165
6300454
5014980
0
0
0
6300666
0
6300794
5015401
0
0
1019224
9302933
9302937
9303070
8001332
0
5004462
0
9303207
8008855
1010423
9303341
8002471
0
2211786
9303345
9303346
4003099
9303349
9303350
0
5009842
9350321
0
0
8004772
5005624
7204036
9303470
7204037
9303478
8007718
7204015
9303482
7204022
8002227
9303486
0
3305284
8007552
5009909
0
8000144
5007335
9303832
0
8000403
8000138
9303509
0
9015850
8001065
5010076
5010085
0
8002272
8002648
8003078
5005549
7305295
0
5012400
9008721
9003247
7305403
5012165
9000083
0
1004075
5012174
9014774
5010108
5001265
1004063
5001732
1004069
5001736
1004070
5011434
1003037
5001285
9002188
5001289
1003040
9004630
5001555
1003034
7204651
1006737
5004172
1017556
1018743
5001612
1018744
5001614
7300737
5001616
3303893
5001618
7303835
9013963
7302311
5001620
9006117
5001624
7302314
5008733
7302315
5008734
7302316
5008816
5001059
5012538
9006214
2209042
5012540
3305237
9002352
5004854
9014596
9006257
5004865
3303736
9004602
5004866
5004870
9006686
9014844
3303752
9004707
3303756
9006695
9007005
3303772
0
0
9007009
9007011
0
9016006
9014697
9003195
9007014
9016027
0
9303983
9007020
9014638
0
0
0
3302876
0
3305273
0
1007765
1007766
3303725
1007767
3303739
2212620
9014642
3300017
0
0
3303710
0
0
3300870
0
0
3304095
3303134
9014645
0
3205531
9014646
0
3201578
3206801
0
3201615
9007024
3201619
3306353
9008910
9007031
3205389
9013034
3300947
3300991
6300663
3201768
9012205
8005176
3300996
9009080
6301812
9009085
3301032
8004760
9012188
3302174
3201897
6301797
9012800
8002473
9004586
8000002
5011623
6302163
3201911
5000482
6302223
5005025
8006967
3201936
8003042
0
9008459
6303305
8005512
9008430
5000806
8000003
5011795
5006771
8008838
1000153
8003016
6302468
5008800
7103568
6303780
5000983
5000953
6304319
6304213
8008107
6304263
5001403
8008084
5001410
1008447
5003268
6004207
5003819
6004210
5003849
0
6004270
8005537
5002282
7303765
8005538
6315835
6315837
5001895
6002379
8005142
5001899
8002863
8000540
5001903
8003071
8003075
8003089
5001930
8003100
8000049
5001934
8003164
5002073
6004916
8000296
8003208
8003211
8005499
5012121
5014220
8004480
8000021
5014123
8005677
9102637
8004581
9012245
3300863
9002059
8006970
1012687
9015050
3303854
9000116
8006971
3300920
9015051
9001659
3300936
9103184
8000174
3300941
9015028
9000032
3301256
0
9006486
0
6004725
9002064
9006297
9003374
8000678
6004481
9004990
8000680
9015021
9100125
9100062
9004870
7104212
9100289
8002129
5015335
5006521
9102437
8001222
1012435
8001530
5005775
1009910
8001533
5008956
9303039
9303004
1012429
8003022
5002846
1012432
1009917
8003029
5002858
2203549
2203548
5002868
9002359
0
1012899
5002875
4003874
2210506
5002877
4009064
5012883
4007927
8000696
5014769
2210475
4007555
2210476
4007578
2210480
2208498
5008249
1013580
2205424
8007738
2210522
1013501
8004016
1013506
8000081
5004875
1013533
5001439
8001291
5001442
1011312
1009771
8001293
4007942
0
8001297
1013211
8001299
5012552
1013231
5012555
8001300
5012556
8001302
5003643
5003649
1009918
1014927
1001497
5001487
5004166
1013221
5004175
5004181
5003195
5009140
8002254
5009145
5011290
1013384
5009149
8002257
5007259
5011297
8002259
8008614
5013409
6003418
5001494
1004170
6004204
5009188
5011051
8001547
5009192
3306792
6004500
5004975
6004709
3301751
5013453
5011571
2204018
5006888
0
2207449
0
0
5006908
3306763
5009310
1006788
1000120
2207486
5002818
2207497
1007270
5001805
2207478
1007263
1006713
2207487
5009331
0
0
9012430
2207523
1007057
9014578
1006736
0
9010276
6001718
9010281
1007080
9010272
9010278
9
1008891
9103300
9015870
1003353
1007267
1006724
9015881
9015882
4003016
9015884
5003445
9000227
4003345
5003449
1006774
5003670
0
1006681
5003447
9003975
1007228
0
9003957
5003448
5003673
1007196
5002421
9001646
5012585
6315856
9001666
5012586
6315857
5012587
5012589
9011742
5012590
9002011
9003038
0
6302542
9007284
5012600
2207471
9010872
5012601
9008052
2207451
5012607
6316000
2207494
5003208
9011026
2207519
6316085
0
6316090
2207529
6316107
5012168
5012128
6316123
2207591
6316289
5012132
2207588
9004210
0
6316162
5008695
2207632
0
5012330
2207614
2205735
1001954
6316237
9002718
5014103
9007941
6316246
5014055
9011019
6316259
6316281
5014096
6316291
1002456
6316304
9007042
6316310
1013249
5012244
6316319
9303024
9302967
9007045
5012250
9302939
5012269
3304322
9302963
5012275
3304147
3304328
0
9303117
9007051
5014219
5010866
5012542
1006338
5010235
9007067
5012819
5004055
5012927
5000157
5014168
9014906
5006293
5012959
5012960
3200201
9011914
5012961
1013391
9011601
1013189
1004188
5012964
5012965
2205973
5015105
1004308
5014860
1009859
0
6006521
5007503
5007506
9008698
9007176
1007975
5007509
1001561
5007510
6003888
3207646
3305517
1003749
5011529
0
5011530
3304258
1001059
9007018
6002844
5011534
3300813
9010681
0
1007173
1016766
5013047
2210132
5013049
5005203
5013037
5011040
5013038
1003957
1003344
2211711
1020027
5005202
5008052
1004159
5008015
1014659
1016735
1006927
1016951
5003233
5008082
5008104
1019042
8003502
6001507
5014835
1014678
8003386
5000997
5014836
6304192
5014837
5006124
1004114
5014855
1004314
0
3201962
1004089
5010636
1018109
1004211
1004112
7203259
1004111
3205684
1004336
5006180
1021202
1003426
5004841
5006266
8000545
5006273
5009449
1001343
5006277
8000068
5006278
5009468
5010176
1003052
8009739
1003022
5009474
8004456
1020122
6005932
5008469
0
1014669
8002747
2210789
5008524
1001603
8007369
5008528
1014751
0
5008540
5007556
1002943
5010603
5004696
8007347
5003693
8007362
5006059
8007345
5005945
0
8007365
5005968
5009963
8007370
1007066
5014827
7203226
5010311
7203210
0
5008275
7203231
5003695
5010376
1000956
8007038
5004734
4008692
8007050
5009688
5009694
3201382
2207142
5009701
4005987
8007079
0
2208680
8007083
5009708
2208735
1005267
5012536
2209047
1004556
5011273
2209052
5003209
1008914
5003205
4007995
5003204
4001847
5000378
3302399
2210772
5000379
5003290
8007096
3302408
2212957
2212964
8010161
5003291
3302353
5003292
3303647
8007102
2213000
5000391
2213102
5003294
3302335
5003295
7305544
3200719
7305545
5000395
8007121
1001633
5003296
7305612
5002406
8007127
9008507
9350016
5012881
1013756
9350021
8007129
5006033
9350015
3205809
8007130
9350017
5009201
9350020
9350071
9350086
9303910
8001541
9303911
5010266
6005375
5005662
9303926
6005335
0
9303928
5006510
6002981
8009745
4011676
6006081
5010158
5012380
4004086
3301067
4000065
8001662
5012105
4000219
5012110
5012111
4000752
2200362
8001676
4000845
1006218
8001271
4000857
5013160
4000895
8009737
7203290
8009695
4000942
0
4000946
8008743
4000959
5014149
4000963
7302808
5014862
7302812
8008751
5013179
5013184
8001595
6000076
0
8001767
9009879
8001769
5015665
1015983
5014426
5013726
1004852
5000242
9010666
9010568
6004317
8000527
6005091
9010237
6005479
9012672
6002615
0
9015055
9013037
4008592
4008588
9010220
4009584
9012384
1008512
6004416
9012468
6004281
8007076
9012476
1008446
8001670
6004251
1018877
6005815
1008975
6004290
2210791
9008345
1003178
9008899
1008492
6002956
9012863
6004196
1016510
6006751
9010096
6004265
9010095
6004424
1004645
6002657
1004682
6004297
5008088
8001894
8003671
5011649
1008863
8005423
1008350
5006155
5008239
5006809
9015204
1008206
5006812
5006816
9004243
6004304
1019055
1004274
5006838
5006839
1003075
5006842
5006847
1003976
0
9004779
5006853
0
1010306
5006854
1004295
5006857
9005894
1004268
1000334
0
1004324
9006232
0
1014629
5011942
5013129
0
1020094
0
5006197
1003890
9014528
5003125
9001968
1003961
5009150
5002318
1003934
9012559
5002320
1003458
5002323
9006217
1019097
5005177
0
0
5008031
1
5011729
7302896
9006247
7303230
5001158
7303841
5014181
5003106
2213110
5011794
0
0
2213169
0
5010508
9006692
5014112
0
2201710
0
0
2213276
5007004
5010792
5002461
2213289
0
2213290
0
2213294
0
9014625
0
2213298
5005242
0
0
2213302
5005250
0
2213313
0
5008723
0
9008724
2213337
0
9006993
5013109
2213361
0
2213378
2213389
7201923
5004743
0
0
7200342
0
0
5003458
2214170
2214280
2214235
5003688
6316929
2214239
5011877
2214307
9350087
5009100
0
9350117
5005053
1018871
0
9350195
2214456
1018845
1002234
7202365
1002156
0
6304344
7202363
6001920
6304249
1017463
6001892
1017468
6300051
6300341
1008729
1017471
6002052
6002059
6300335
1017473
6001745
1017474
7203559
0
1009155
1002240
6301561
6002686
6301770
7201622
1007240
1018365
6003704
6302212
1002255
6004360
6302090
0
7201305
6003723
7201310
6302470
6000869
7203797
1009656
7201314
1009158
0
3302917
1018372
6003076
1018360
7200372
1004746
6005313
7300558
7201675
7304076
1018187
7104194
7103126
1002177
7104670
1018445
6005301
7301215
1015840
1005282
1001475
7302604
7104134
6005758
7103038
7302606
1000424
7302608
6003432
1002216
7100172
7200024
1007620
7100031
7301830
1015707
6304222
1016648
7201157
6003471
6304187
5012613
5012617
6005049
8007135
5003347
8007139
6005051
8007143
5011556
5000747
6301844
9005163
6301839
8007145
5002066
9005166
5002072
9005171
5005017
0
9005173
6302248
5008159
6302281
0
5012465
0
5012469
6302256
5012473
2201534
6302246
8007278
5012458
6302251
0
5013434
8003798
6302032
5001874
8007157
5010635
1000964
5008802
0
5001421
5005463
4004835
1001834
5003416
5011305
6302464
8007202
5012451
4004938
6302451
4004944
5010682
5010341
6302465
5011466
6303605
5011118
6302454
5009086
8007210
6003508
5009090
3301110
0
5009094
6304261
5001631
6304325
5001635
7303700
3303700
0
1016401
7303327
7303869
1016784
8007280
1019532
0
7303710
6002590
1006288
7303716
6002618
7103289
8007382
1015937
0
1020211
1017717
1019860
7304142
1019857
1016659
1018266
1007896
1018270
1014512
8008195
3200782
8008405
1015758
7304572
1015754
0
7304316
0
1003972
1012094
7304248
1008042
1011207
7304184
1000777
1004953
0
1002404
0
0
1016273
0
5015779
6001477
1018112
0
5015777
1018084
1003170
5015782
0
0
0
1016887
0
1016872
0
0
1016876
0
0
0
0
1016883
5015806
5004296
1017091
7201924
0
0
7204573
0
1000582
2214468
2214484
0
2214493
1002346
5015901
1018868
1002347
5015857
1018870
1002350
1018842
0
1002351
7202366
0
1002353
0
1000182
5015908
0
0
1002357
0
1002358
7200479
4400664
4400390
1002360
7200458
1002362
5009957
0
1002363
5007539
6315091
1002364
7203177
1002365
1009135
6315043
6003980
7201348
1002367
0
7201349
6316092
1002370
6316288
6315471
6007250
1002373
4401170
6007490
0
1017523
6007566
0
4401167
1014767
1018982
6007883
4400793
0
6315605
0
9015071
6008184
4400456
9015063
0
1013896
0
9015065
7100061
1002381
1002380
0
1017469
0
9014637
1002382
7102430
6008309
1006986
7102435
1002384
7102450
0
6006661
1002385
7350006
6008337
7102454
1003085
6008352
1003080
8003391
1007218
1014707
6008379
8004053
2202603
8001013
1001057
8000763
1020802
2203603
8007706
1020221
8000813
0
1002420
2203644
8002914
1003805
1002423
8003524
1008088
7203048
1006911
1014440
6001138
6002888
1012341
1002178
0
3202757
7204329
1012207
3202758
9011345
1012209
3203617
7204564
7302560
1012210
7201270
1012212
3205007
3203203
1003036
1013439
2207390
3202765
2208855
3202767
2208995
3202769
1018299
3203182
1006193
1004689
1017657
3203189
1011161
0
7204511
1002525
3203192
1016011
7204716
3203019
7204722
1002441
1004918
7203091
3203024
1004843
0
1006031
1002509
1005978
3205865
1009242
1013958
0
7202854
0
2208362
7301239
1006215
9015969
2200239
0
3200199
0
0
7302483
9016009
2206935
7303970
9008604
8003739
7200011
9016014
0
0
7200153
8002183
7200173
0
9016046
7304445
8003749
7302419
0
0
8003758
7302423
7303805
0
3200722
0
0
7300265
0
1008494
0
0
8008077
0
1008330
0
8008666
0
1008332
0
0
1008318
0
8001904
9016108
7303908
0
7301086
9004338
9016126
8001345
0
9008849
0
7304359
9004392
7104208
9014573
8002700
0
9102866
0
4001335
9102872
4003065
5007552
7305740
9013032
5012259
5012260
9004911
8005503
0
8005455
7301796
5003432
7301804
9010111
8004691
9103090
5003436
8000319
9012555
0
9012385
3203667
9004917
3200200
8001628
5009326
9013067
3203597
8006920
9015057
8001922
3203595
9011365
3203596
9014815
8000519
3200170
5001464
0
5012870
5012895
8007483
7305463
0
9006863
7305401
9006858
5002223
7305385
9010266
5002227
5002229
9008898
0
7305414
9014582
5001009
0
9009788
0
4400558
9012484
4400576
0
5005147
0
1013484
8007486
9008451
8007493
5004633
9008457
8010150
5008495
9010108
0
8009025
9012817
6008371
8007504
2210131
9012820
2210130
8009780
1002379
2212376
1011225
6008420
9004914
8007508
6008443
1016384
8009166
5006708
6008450
8007567
5010675
0
0
4008682
1016448
0
1009576
0
0
7302356
0
0
7302358
0
7301766
7301712
0
8009775
6302463
7301235
1005713
7301874
1018464
7301878
8009789
6302469
7200154
6302269
1002617
8009790
7301895
0
7300529
1002612
7300551
1013887
8009797
7300547
6304976
7300532
0
0
7300539
6300659
7300829
6300703
7300564
6300704
2200823
6300706
2200966
2200996
3203034
7301602
7301609
3200331
7302164
0
3200689
0
7301694
3203052
3302332
7201017
4002414
3203054
0
4003897
0
0
3202391
4002391
7202209
0
4003876
7200724
0
4003873
1000841
7200728
4004126
1017472
0
1002237
0
3202501
1018346
0
4003927
1018371
4004107
1001740
7302710
3202506
4004132
1018352
3202314
4011671
1013632
1018367
4003913
7201077
6003651
7200090
1018356
4002445
1016266
4000509
1002263
7200043
0
8003712
7304124
0
1016945
0
0
1002269
2202320
7200476
6002673
1020060
6004859
4003070
0
1000444
1010643
2213098
4003131
2213112
4004452
2213161
1002278
1003725
4002109
2206496
4004324
2213208
4002849
1001873
2202072
4004342
1014021
2213283
4004346
1017666
1012735
4002953
2213303
1017668
1012740
1017669
9011675
2213685
4003970
1017671
4003973
5002127
2213943
9011075
5011125
2214050
4001329
9011117
2214313
5006715
4001332
5008063
9011078
5005157
4011180
0
5008661
5007204
1014164
5010667
3202692
7202320
5010671
3202834
5010676
3202838
9011274
0
4005645
9011277
4005640
9011261
4005620
3208229
9011279
1017221
9011275
4009716
1010404
1004517
4009670
1010407
1019805
7305519
1010533
7302144
0
0
1008734
7301749
1002092
1005757
1007999
1004672
1008252
7304971
1013416
5011137
1008885
0
1005786
0
0
1005687
4013241
7302224
1005889
0
1006553
0
1006615
7201308
0
0
1009009
0
1007356
4013553
7303889
0
0
0
0
0
0
1008561
7305357
0
0
1000175
0
1005391
7201021
1011142
6001518
1011387
1007427
7202208
6000046
1014217
7200727
1014414
1014274
1003488
6004607
1007638
6001725
7302706
1000119
6001426
6003073
1002129
7202759
1014894
6002280
7301825
1016397
6003089
0
6002584
7200042
6000582
1016830
1011156
1010874
6001931
1009620
1015101
6001970
6005767
1018395
6005765
8005315
1001520
6007186
6300769
0
6004322
0
1000287
1017786
8005015
6002871
6302842
1020205
6000565
6303639
1019465
6303647
1019484
1012708
6303660
1017240
1012710
6304069
1013735
6005761
0
8006551
1008085
8006351
0
1000887
8005017
1002953
0
1000818
6004237
8002715
7305112
0
0
6001306
7305218
1000524
1002214
1001865
4003907
0
1012945
1000872
8001115
1001833
4000665
0
4000051
1012904
7305275
6007084
8001690
1001859
6001110
6001244
1018101
6001113
1000342
6001292
0
0
0
6304338
1017461
6303002
0
8000377
1002394
1018865
6302993
8000376
6304303
8000673
1002674
0
6300339
1002675
7303723
0
6300058
1014225
6004865
8002677
6004871
1012368
8002675
1012659
7202181
1006988
8005348
1014941
7202195
1006992
3201251
1002614
9300462
1000822
9301397
1004233
0
1010276
1010278
8007334
1004747
1001920
1002036
8007336
9003996
3203236
1002170
9005592
1002171
1018189
9005567
1018200
6304207
1000843
3203409
8002013
3203422
0
1021212
7204639
1017667
7204031
1013722
0
7200216
1021211
1002272
7202833
0
7202682
0
0
7204662
0
0
3203490
8009976
1019215
2201583
1014893
2203697
3202026
1006183
2205179
8009893
8009925
3203142
0
3205225
7202839
3203136
3204765
1015681
1015684
8009975
3207563
1010351
1015682
9003650
1015685
1007984
1007848
8009988
1005448
1007964
4011707
1019211
4011709
0
3303776
8002465
0
3301204
8001256
0
8001469
0
8008843
3201415
1014470
1006772
3201420
1016621
1018051
1018519
3201439
1020230
1019625
8009994
1019125
1017235
3302847
1015393
0
1020469
8010000
7304956
3301147
0
3301150
1020501
8010003
1020509
7304959
8010002
1020516
7305011
1020526
7305002
8010006
0
0
3201538
0
1020557
7305042
1004635
9350094
3305220
1020664
7305030
1020711
7305034
1020763
7305038
3301172
7305047
3301056
7305060
8010156
1009935
1001514
0
3201558
1009807
0
1014888
1010582
0
3201638
2210742
3301052
0
7305111
9004139
1013044
1013043
0
1013354
9000979
7305207
6007378
9002667
1013435
9003562
9003577
5012368
6008390
5011027
9003553
7305291
5011020
6008116
5012387
0
6004372
9014894
7305321
6004456
7305332
7305339
6004450
9008420
6004459
6302220
7305347
5005954
7305351
5012367
1017449
1012622
6302041
6007036
1017373
6001587
1015347
6000112
9011483
1001026
6303933
6002834
1000948
6302535
1000875
9011575
6302388
1002585
1001242
9009998
1001290
6304482
1001273
6006516
6004447
1006488
1002215
6007206
7202308
1014014
9007374
6004318
7201991
1014019
1007182
0
1014020
1012866
1017170
1012863
0
1017478
9002726
9011457
1014624
0
1002322
0
1002329
0
9002729
7305420
0
9002732
0
2212405
7305494
0
2205425
1002206
0
4009711
9002740
1015822
0
0
0
9002742
1002334
9011369
1002335
9004570
9010355
7302406
9010367
1002338
3306295
1002340
7302414
1002168
7302438
0
0
0
9012244
1018441
0
9102248
7204672
1018443
7200247
3306780
1018447
3205993
9011995
3205351
2210348
1007684
7202921
3205354
2204830
1015844
7101429
1017929
3205365
7105277
1002035
7100773
0
2212354
1007816
7100324
1002188
7100576
1013720
9010338
1011566
0
1002084
5010744
7100275
1007704
0
5012834
7101759
0
5007577
1002212
3302095
4012754
4012847
1000978
7103580
3201447
1017740
0
1017724
7100345
1002107
3201518
1010744
7100082
3201532
7100321
1006800
3301145
7103945
1002222
3301282
7101955
3306125
3300924
1002225
7100840
1006885
1013233
7100794
1013234
0
1001421
0
1007175
7100109
1017236
0
1002299
7101950
1002306
1020139
0
8005679
5005929
8005685
1002315
7102118
8004914
6006577
1001863
3302877
1006743
1014054
1013092
1004961
1013148
1001746
1013147
1016742
1001460
0
5015634
8005701
1019926
0
0
4004028
0
5015664
5015741
1020800
7204718
0
1012777
0
6006497
8005560
5015862
1001703
0
5005121
3301871
3301867
9004785
5005131
4006724
3207494
8004509
4006667
5010308
8009716
1007974
5010125
1020157
5009954
8007364
4006790
5007549
8007366
5011897
3207645
7305355
8004374
7305408
8000001
8004209
7305455
1007724
6002647
8009107
3304425
1019578
3205977
1019581
8009110
0
8000619
0
3305929
0
0
2203628
1019672
0
3304002
8002163
5011856
2203635
3305899
5003152
3305888
8000647
1020032
3306419
1006841
3203726
8001279
3205402
1007174
3301593
7300495
8000753
3301594
3301595
0
1006735
2211344
3300211
0
3300212
1006604
2213737
3300213
3306330
3306332
3205879
1017907
7105557
1006786
3306335
7105561
3306336
7105566
5005973
5011855
7105574
1011775
4000926
1002878
7105592
1006828
1011770
7105930
1020033
1017451
6005088
7105621
1006850
1017850
7201738
1017851
1004196
6302185
0
5014631
6302168
5014635
9300484
0
2211506
6316732
9300486
0
5014656
2202103
8010059
5014665
0
0
0
5014671
1006897
5014439
0
8010108
9006991
5015689
8010109
3303348
5014866
3200206
0
1013761
2212439
0
1003135
8010060
9002355
1003137
5014848
5014878
2211587
5014875
6002361
0
6005676
8010062
0
6006176
5014968
1019975
8010063
6005639
5014986
6005143
8010074
6006310
1016771
8010075
6006291
0
8010142
5015014
0
7100252
5015026
6006517
0
6006150
8009663
0
5015129
6002261
5015133
6006297
9014145
6006173
9014153
5015145
6002164
9014155
5015657
9014174
7101490
6002622
5011249
7102023
9005673
1000299
5011192
9011514
7100076
5011857
5010533
9010733
7102730
5003839
3303757
6005503
5011667
6000846
1013169
5014190
1017922
5000669
7101440
1006671
1013251
5008238
7101957
8006896
5003535
5000589
7100966
5007518
8002520
7100971
0
8000500
8000750
0
7100038
0
8006883
8005239
9002743
0
8006890
9002745
9005740
9002747
5003274
9002737
2206560
8007424
9002739
0
8007465
5001577
2210404
1006357
5007751
0
1010523
5001787
2205313
3204913
9004657
3204917
8008308
0
3204925
3203566
8008303
9003672
0
4012587
8008300
9003673
5002363
1020174
9003665
5002352
5002368
2200666
8008262
9003505
5003176
8007461
5002453
8008293
0
5001967
9002811
1001687
5010753
0
1004131
1020108
1002146
0
8003686
1004412
8005370
0
8003692
7200235
8003694
5015651
1004037
0
1019088
0
7200227
0
7200630
0
1000768
0
3303982
1014641
0
1020121
5015720
3301445
1000621
5015693
1003338
7201386
5015718
3301635
0
1003342
3301589
1003090
3301638
4002394
2211237
3301697
4009857
7202343
5007491
4003758
0
7202430
3302009
3302012
0
7202373
0
1004592
0
4004117
0
7202451
0
0
0
7204004
0
0
7202562
6316742
0
2212581
7101782
5015810
2200624
5015811
0
5015839
2200635
0
6316768
7102368
6316769
1008065
2200750
7101039
2200760
7101870
2200756
7101935
2200772
1007680
2200885
1013872
1012319
2200997
7103807
6316852
1007103
2201122
1020897
1017793
1000701
6316871
7102394
6316873
1020828
3202031
1013519
6316881
1013520
3200931
0
1001420
3205513
1001046
3203388
0
1015161
6006165
0
0
0
6001871
0
1020902
1009262
7102559
1015227
6004091
1012137
0
6004550
1000013
7102791
1006254
6005413
0
6007098
1015086
7102865
1002802
6003057
7102871
0
1000090
9009427
6003015
5015914
1000105
6002366
9013113
1000377
6005422
1005939
6006130
9007412
6006726
6002896
6002880
7104645
1000070
0
1005447
6006731
9008229
6006930
6006890
6007121
1013737
6006927
1007423
6006970
1005892
6006992
1003481
0
0
8008844
1011289
9000204
8007548
8002113
1019308
8001572
8001571
0
7105857
1017798
9002454
8001679
0
9009429
9002534
1015860
8000715
9002540
8007069
1000210
8001465
7105900
9013928
8005230
7106549
1020571
8006898
0
1020572
7105974
8001834
1020575
7105976
8007539
1020579
1020580
2207411
8007710
2207436
8004572
8000661
1016053
1015743
7106060
8005449
8005460
0
7106077
5014895
8002225
0
1009654
7106102
2212024
7106123
1016015
7106136
7106140
2212003
1003089
2211992
1011686
7106258
2212006
7106284
2211856
1014654
1000077
7106305
1000085
2211848
1000148
1020118
1020116
1003361
0
1004080
5011034
0
7303650
7106319
5011046
7303661
7106329
5011047
7303960
5011043
1003928
5002836
1004367
0
7106374
7303942
1004380
5002847
7106398
1004396
5002853
7303978
5002855
0
1003391
3301319
5002862
1004143
5002863
7106440
5002867
7101549
5005098
1004312
5005100
1003951
3300974
1005669
1004262
7100568
0
5005114
7100307
5005118
3305773
7100309
3303829
5005128
3303837
3206202
5005133
7100573
5008309
3304404
3300033
7100577
5010313
6003878
7100569
5010139
6002331
5007540
5007551
6005975
6006003
5011894
3300500
7100301
5011899
5011902
5011911
7100565
3204987
4006811
5011108
1008949
7202631
4009868
5013249
4009867
9000689
5013253
5013257
9000715
5012977
5009440
5012666
4400639
7100299
2205022
4400644
2205043
7100310
5009343
4400660
5011474
1009493
7100040
1001326
5012404
0
4400715
7100004
4400728
5012611
0
0
4400755
5001872
4400759
7102369
4400761
5010634
4400779
4400780
5008803
7100361
5010734
8003444
1000097
7100957
5006998
9011574
0
9011459
5014742
7100360
7305590
7305598
5014743
7100955
9009467
7305629
5003165
5001649
0
5005169
5008252
9350025
5006991
9350027
6304109
7202607
9350028
5010179
5001565
7202747
5010347
0
7204226
0
5003661
5012324
0
5012333
0
5005517
1003828
0
5005040
0
1004105
5005385
1004402
0
5011463
5011465
6007009
0
6002855
6003068
5009092
6005603
0
7203829
5012434
7203828
6005365
9014686
9014687
9013066
6003734
6006129
9007057
4005641
8002978
4005636
7204116
9007084
7104392
7204203
4009715
4003756
4003795
7204213
5015519
7105257
9008096
7204222
5015605
4002379
9008123
9008187
0
0
7204242
0
9011058
0
0
7204246
0
5015695
5015864
2210528
0
0
5015719
5015752
9014943
0
5012884
2200753
9012910
0
0
0
2200744
7204763
5002834
2200748
7204401
5002825
3200073
7204419
5011044
3206759
5011048
8009865
8009877
5011038
7303746
4003827
7204490
5002838
5002843
7204796
5002850
4002493
4002661
5002865
4004135
7204835
5002866
7204839
7303751
5005099
3306392
7105019
5005096
5005104
3303225
7204392
5005108
3303197
5005112
5005120
7204469
5005126
7204472
5005136
3303398
5005110
3303353
5009311
7204487
3301858
3302943
7204489
5004944
8004353
8004355
5010147
3200203
7204749
3200193
5007561
3205511
7204793
5011901
7204837
3303183
5011907
7204841
5011908
9003744
5011910
7204845
3203653
9008508
1009281
8003718
1004006
8008087
1004290
7204861
8003726
5011933
1020090
5013250
7204870
8003734
5013251
1004688
7103777
5013252
7103773
7204889
5013255
7304706
1001067
7204942
5013256
1020031
7100465
1018324
7204983
5012975
7204989
7101694
5007736
1000051
1012676
5001566
1004249
7205022
5001570
1000156
4002916
7205028
6315234
5014108
6315238
7205062
0
5013354
7205238
4002870
5013673
7205248
1012496
5013677
1012505
7205246
6315288
1001668
7205244
5013693
5013705
6315987
0
6315604
5013713
9004375
5013721
6315309
5013725
7102279
9004368
5013729
6315313
5013733
6315317
5013737
9004373
6315321
5013748
9004441
6315322
5013873
7101050
5013906
1016573
7302026
5013926
5013930
7106465
6315361
5013961
9005306
6315647
7106481
6315376
5013969
7106485
5013973
1001354
5013977
6315383
4001838
5014248
5014255
6315401
0
6315428
5014035
0
5014039
5014043
5014047
0
5014163
0
0
5014174
0
5014490
0
5014733
6006696
6006626
0
0
0
0
6006615
0
7106617
5014331
7106626
0
5014339
7106634
0
6006701
0
0
6007210
0
7106644
0
6002858
6006785
8003303
0
5014476
8007701
5014545
6002554
8008634
0
9010381
5014552
8002989
5014556
5014559
5014569
0
8001265
4003811
8008622
8001208
0
5014585
6006498
5014593
4004112
5014597
5014600
0
6004809
5014609
0
5014613
0
5014617
6000266
5014870
8010014
2200092
8010013
8009705
1008324
5014901
8009856
8009714
1004618
5014904
8009718
5014908
1006672
5014912
8009725
0
5014920
5014930
8009730
5014934
1020112
5014938
7100342
6305091
6305090
1004058
5014984
5014979
7100471
6305084
1004156
1000282
7100473
9303858
1003158
9303859
1003161
6300250
7100247
8010032
1000088
7100962
1018399
7100583
1011073
5058083
6304248
1018380
6300938
1018384
6305116
7103946
1018398
1006538
8009961
6301006
1000118
6301032
7103952
1018065
6303111
8010036
1018069
6304135
7103949
7103947
6301103
1016833
6301273
7304699
1003959
6301274
1017785
1004639
7100867
1000009
7302658
7100783
1009788
0
1009789
0
1000415
1017918
7100682
3203884
1000305
1000319
7100711
1000622
3201061
1000497
1000611
1000709
3201065
8007374
1000607
3201043
1000135
1000225
8009744
3200381
1000351
8002739
1000584
8002748
3200890
5013689
3202697
1017167
3208134
8002751
1007039
1000902
8002758
1000901
1000993
1000406
1001005
4006197
1000798
4006252
1017098
8002746
1001541
8007481
5004600
1001657
1017581
5004613
1020304
1002006
1000328
1000318
7204865
2202122
1002302
1021316
2202126
1006862
6315984
1020784
1002554
6316182
1012642
1017176
6316128
7204970
6315595
1017048
1001572
6315638
1005940
6315684
1019446
6315776
7205132
1019447
1019443
7205208
4000061
6315816
1017239
7205211
3203739
7201303
3450071
9010403
8008730
1012233
3203751
9006963
1000514
8007071
5007202
1018737
5014379
8008717
9300508
7300343
7302237
1001071
7302241
7302242
0
1005707
1012783
7302887
8001822
7302249
2208982
7302254
8001408
2212580
7301442
7301447
8001887
2200059
3301872
8001883
7301453
4006725
7301458
4006672
8001881
2200629
0
8008742
7301448
2200857
7305304
3202274
0
2201000
0
2212002
3202819
0
8002066
1007666
0
8002067
0
1007673
3200099
6004945
3206308
7301291
8002296
7301380
3205435
0
0
3300083
7101343
7301564
6006201
7301571
7101309
6007046
7301572
4002421
7105665
6003090
4003645
7301576
0
7301583
6000654
4002417
7301587
6000292
4003789
6006922
7301620
4000045
1000238
7101642
4000034
7104149
4004138
6001355
1000440
7101135
6001377
1016928
4000039
4000106
1012072
6001727
0
6001729
1003699
7105707
1011495
6001782
4000195
1018732
6001576
7304071
7304543
5003874
8010070
7302153
7105658
7301752
8010085
5006505
7302618
7100663
8010084
7302635
5010047
7104951
0
5010068
7105325
0
5011758
0
7100430
0
7100437
5002994
7301750
5006482
6305088
7301746
5015297
7100444
7101428
7301862
5000166
7101426
5001571
7301858
7301846
9014657
8009902
9003536
7301838
5000417
7302979
7301864
5001343
9014074
7301876
8009896
7301880
9006378
8009911
5000563
9003034
5005409
5004065
9003676
5009308
1017783
7305074
5009849
8009871
7305100
5001797
5010436
7305123
8010028
7305125
3203616
3203671
3301705
7305129
3203680
7305131
1002208
2207802
0
7305133
1002331
7305137
0
1002470
7305141
0
7305143
0
1003652
5004227
7305153
0
0
7305157
2203022
7305159
2203028
7305163
0
2203296
7102700
7305169
0
2213108
7305177
7305179
0
2205796
7102695
0
1021067
7104139
7305214
7103204
0
7103209
0
1021626
0
1012125
7305268
1020991
0
1021302
1021391
1020017
0
3205624
0
7305340
0
1021501
3205644
3205653
0
7305352
7103586
1021541
0
1021544
7305378
8003252
1021547
0
4400122
6003391
6003404
4400005
2200640
4401248
0
0
1006872
0
1007665
8004349
2207910
1011109
2207914
0
1002789
1000165
0
3302184
1016267
4003888
1016264
1008032
4003862
6316914
4006200
1016885
4002395
6316663
1016889
5004594
0
1016874
5009257
1003305
6315306
1012841
6315330
1015021
3207982
4003934
6315680
2205095
4000035
2208365
0
4006440
1017130
0
8003741
1000160
0
1013869
4000054
1017790
6008021
6007026
1010834
1019588
1019273
4002225
4003963
4008553
0
4000075
4009714
4000049
0
4001327
4000130
4009656
1014200
4005594
4000212
1001765
4000378
4000519
1010410
4000202
6001169
4000003
1018190
1002190
0
4000897
1001567
4000961
1013705
1002193
6003092
6000414
1000556
6006809
5011284
6003231
5014195
0
1001874
6001301
6005298
6001129
1001830
5006904
1001826
1001634
3207769
1001693
6302958
1001329
3200295
6303042
4005785
6302061
6304270
1001593
3202217
9004431
1000520
0
1001002
0
3201974
3400319
0
1001015
3202373
9010693
1001016
0
3203348
9010694
1001419
3203480
1020195
3203467
0
1021241
7304738
9010700
7304737
1020258
3202058
7304736
7304735
1015290
7300562
7304741
7300665
7302980
7300583
8010010
7303754
7300530
4007050
7304017
0
7304407
4007842
8010088
7304678
7304519
7304686
7304529
4013964
4013963
7304484
7304666
0
8010069
7304438
1018238
7304429
9304037
7302373
1007378
7304410
7302378
1007366
9304081
7303376
7302446
1007350
9304061
7301189
5015820
1007354
7301192
5008642
7302515
7301608
5009621
5012113
0
6305096
5000787
0
7301870
5015390
1007387
7301757
5015354
0
5015355
7305694
1007459
5015644
7302823
5015684
1007412
5015846
9303845
7302212
0
7302215
4400229
7302222
4400018
1017608
4400020
7302230
4400248
7302232
6002435
4400134
6002439
7305394
4400031
4400159
1007484
1014865
4400036
7103281
4400038
7305442
1007488
1015960
4400052
7305450
1018867
3307322
0
3302964
9008678
1007789
4400113
3205973
1007499
0
3306475
0
5014760
6002631
0
0
0
5008078
1008581
8004895
5002410
8004900
0
5003198
0
5005176
0
1008589
5003189
5006288
3203707
0
3203731
4400917
6315364
5010467
0
4400785
4400393
5005181
6317706
1020148
6318265
5007467
4010957
1014596
5010181
5005201
1020066
4000517
5009208
1013614
9007459
4000439
5005180
1018093
4000518
4008510
0
4000142
9007449
4009552
4008853
4000763
7301728
3304055
9015936
3303182
1006680
7302355
3301947
0
1017887
7302360
3301949
0
7302146
1002929
7302142
8004090
7303401
9015999
8004097
7302627
1011703
6001542
7302629
6004268
7302632
6002375
7302633
6002459
7302639
6005631
7302640
6003478
0
0
8004365
0
6003871
0
0
6005905
6004749
7301668
8001989
1010039
7301748
8004236
8004225
0
6001079
5004256
5011022
7301844
1020038
5004268
7301840
3205231
0
1002676
7300337
3204880
1010904
7301865
6004942
0
1002992
7301873
1009098
3207553
0
7301877
1002677
3205774
7300533
3204592
7302776
7305140
7302178
1017190
5015564
7304416
5015835
3204066
1003370
7303952
0
0
7300770
3200804
0
7300916
5015799
1017628
7300922
0
7301245
1019563
1014982
1003668
7301904
5015800
7301476
1007967
5015866
7301724
1007659
5015887
1020413
2211035
5005111
3204083
1000207
7305507
1007901
5015580
5001563
7302167
7304448
5009344
5007758
0
5012826
1003687
7302264
7302233
0
5012042
5012406
7302213
5012612
1003694
0
0
5011932
7304380
8010027
5001854
8010025
5001858
0
1011638
8010077
5013512
5009095
0
5001640
9304036
9304033
7302819
7302275
0
6316672
0
0
8009863
0
0
8009876
0
8009864
0
0
7302462
7302466
7305083
8009884
6315414
0
0
0
5002812
0
0
7305191
5009435
6315527
8009906
5012667
7305243
0
6316803
5009339
0
6316922
0
8009868
6317825
5012405
5012410
6318109
0
5058091
1014595
5012609
6305105
6006910
5000800
4004851
1020806
0
1011124
0
7104758
4010157
5003354
0
4010145
5011555
4010153
5000746
2206447
4010151
5000748
0
4010142
6315637
5011577
6002669
5002067
6315639
6006861
5002070
6315641
6004867
0
3207774
5005013
1002669
5001723
5009335
3207797
6315859
3207787
3207788
6004663
3207789
5009483
6315867
3204597
5009485
6004849
5009488
5004852
6006598
6006602
6006608
1014190
6006591
5009081
1000092
7202813
1017943
5009083
9012424
7202777
5009084
7202789
5009089
7202792
9004332
3201250
9009564
1018043
5001630
9005192
1019098
5001638
9005107
9005110
0
5002126
5009002
5000902
5006448
5006714
2208247
9009561
5010728
7103312
7104133
9012764
5003379
1014644
9006374
1018501
9012770
5010666
2208394
5010670
9005108
5010674
9005109
1016025
5010678
8002131
0
0
8008552
1014554
8008796
0
1008195
1009274
3208302
8000928
8005020
6007975
9001256
8002130
7301693
6000992
7202825
8009181
7301889
6005099
7202198
8002196
6004051
7300556
4011672
7300538
7300541
7301901
6000511
4000087
7301896
7106191
7302204
7103335
2206321
7300557
7103340
0
7300554
6001407
2212208
7302205
2206923
6008225
7303992
2207646
2208692
6007385
7301223
6005795
2212244
7301227
7301231
9009343
2210610
7304690
0
2212257
2210375
7304661
1021109
2210378
7304665
7304669
7304670
2212677
7304673
0
7302365
2206091
0
7302368
2202182
7302375
0
2211682
0
2207659
1021520
2209519
2200293
7302377
1020990
0
7302445
0
7302622
1020995
0
2201331
7304510
7305028
1021001
7200076
7305041
1021005
7302165
7204603
2201867
7201110
0
1021013
7304962
2202249
2202247
2202244
7201424
0
2202238
0
1021026
2202332
7201855
2202336
1021030
7302141
7202538
2202234
7302174
2202216
2202224
7204159
7301760
1021043
1021053
0
7205100
2202253
7302292
1021056
2202334
7302214
0
7302219
2205183
7302223
7302227
1014271
2202286
0
8010031
7302231
8010039
1014566
8010026
8009979
2202141
1014570
0
1016104
7302469
9304035
7305424
9304028
2202131
1016163
9304022
2205781
7305458
9304049
2205795
0
2204801
7305482
0
7305486
2205782
1016184
0
2205866
0
2211667
7303084
7305502
7303082
2209868
5005016
5008158
7303073
5008160
1017948
2206368
5008162
1017952
0
0
5012466
5012470
0
7303460
2207122
1017965
7303459
2207153
0
1017967
5012326
5013431
7303443
2207183
2207233
5009200
2207815
1018000
1007996
5013450
3304323
0
2208686
5012292
1018015
5008855
1018019
7203284
0
5001857
1005468
5001861
1013545
0
9008803
5001881
1018285
7103888
9005935
5014797
1006347
5011848
0
0
9004068
1018528
5006280
5005461
2210756
5005464
5001006
9004081
2210766
4000829
1009775
4008773
0
1009780
0
4012294
2210848
1019468
1019764
1019459
4005633
2210851
1009049
0
4005638
4005630
2210855
2210857
4005615
2210858
1010425
8004295
2210859
2210869
4005617
4005621
1005696
2210874
4008645
1017155
0
2212939
6316471
1017208
1004959
0
2210881
0
5009376
0
1012359
5007541
5011889
2210892
0
0
2210947
5012615
2210949
2207367
0
5003349
5000749
1010792
1005704
5008161
5012463
0
0
0
5012461
0
6316581
5013432
2209507
6316583
5001057
2211362
6316585
0
1018126
5005150
0
2207710
6318815
5007992
0
6316627
6316628
1005753
2200469
0
2213062
7305062
1005824
2213064
7305077
1000653
7305080
2213069
1018476
0
6317401
1005849
1018481
2203288
7304227
7305245
2203297
0
7305246
2209861
0
2203463
7305249
1005867
2203465
7305252
2203466
0
7304397
0
2203490
7304399
0
2203493
2203502
1005694
0
7305273
0
2206369
1006564
7305285
2205860
1005441
7205198
7305286
2205861
7305288
1006579
2205870
7305290
7305292
7101316
2205805
1018505
2205806
7100405
7100409
0
2205943
0
0
0
1018522
7101518
2205853
1017288
7305298
0
2205903
0
7100078
7305333
2211936
1019640
7305334
2205975
7104844
7305337
1019646
2206003
7104846
7305342
2211357
0
7102980
7305349
7305350
1001744
0
2213423
7100893
0
2213401
0
1013986
0
1013979
1021240
0
1020429
2206394
0
1013955
7106686
0
1020455
1001858
0
1012611
2209882
1002122
2211113
7303433
9012609
9100343
1002132
1002136
0
1002003
1000869
1000419
0
7303416
1010419
1020475
9014569
0
7303405
1000705
0
1000865
7303423
8006718
1002985
7303457
8000735
7303041
1006991
7303038
9012226
9012165
7303037
7302464
7303034
0
0
1020028
7100661
1020493
0
7303024
0
1020499
2207209
1020504
0
7302833
5015609
4010656
7302835
7302993
5015613
7101381
5015614
7302996
7101307
7104830
4013153
5015629
5012452
8006909
5012477
8008819
1021061
8008270
8008263
5008112
1021071
0
8006905
5010390
0
2211254
0
8008830
5009527
8006904
1021079
5015466
8008269
8008829
2211260
0
0
3305515
5014748
2211269
5014751
3304275
1021096
2211274
5014752
2211276
2211277
5014744
0
2211278
5008628
3300830
1009942
1010692
3208355
5015035
8002208
3200935
8002215
3200917
5015120
1021144
3200926
5015128
1021149
8001098
5015136
5015140
3201045
1014298
3201049
1021160
0
1003120
5015170
3200998
1021165
2210588
5015311
2210590
4001652
5015319
1021175
0
7101364
0
4003017
5015585
1021200
5015457
5015356
7201893
7202835
2203503
2203504
5015408
2209340
1021226
5007205
2209342
5003557
1021227
2209338
5010669
7103636
0
1006776
5010677
1021243
5011068
0
2204263
4005637
2203842
2204249
1021247
2203770
2204253
7304072
1021252
0
2203780
7302357
2203783
0
7301648
2203784
0
2203789
1021255
7302637
2203797
2203798
7300830
4007496
1021260
7300567
4007441
2203809
7300582
0
4007507
1018686
2203812
7300650
7304689
2205954
4011756
1018692
2210919
7304672
0
7304676
1018696
4009140
0
0
2209876
7300306
2207131
0
2209875
7302580
2207136
1018706
7301195
4009303
4009305
7305353
4009948
7305354
4010400
7305365
2209384
4400981
7305366
0
7305369
2207187
7305370
0
4400988
7305373
2210593
7305379
4400990
4010944
4400992
2213345
0
2213346
7305431
2213348
0
0
4400998
0
0
0
0
7106570
7305396
0
0
8008628
7305407
4401005
2213358
0
8000988
7305426
0
7305422
4401007
8001852
2213374
7305423
0
0
2213380
1006370
0
2213381
6316018
0
2213383
1000946
0
0
1000986
9010671
1000808
4401032
8008382
4401036
1004958
1001153
4401046
8002988
1008573
1000780
1015479
1008566
0
4401052
2201668
1019046
0
4401066
4010735
1019977
4401077
3204196
1015857
0
1014777
1001503
0
0
1010819
2210087
1006618
8006910
1001766
9014708
1000422
1018205
8005319
8002902
1018196
7302349
1006629
8008823
1018201
1019939
1006588
1013842
1013847
1007440
0
1020084
1018076
1013817
1007394
2212574
8008947
1000967
4401570
1001086
2211234
0
1000662
4401569
1001101
4401619
1011552
2209438
4401622
8008946
7200931
1000331
8008949
1000189
4401629
1021210
8008939
9006902
4401631
9008501
8007433
2211417
1003181
2202057
0
1001291
2208882
1001248
2209325
1001254
9008743
6315110
1013724
1016102
2205082
5015412
9007192
0
4009587
0
6315028
4010251
4004783
5015768
6315032
4004785
3306375
0
9004745
0
0
0
5015530
6315038
0
9010347
9006625
9006629
5015568
9012064
5015525
9003907
5015586
0
9011569
5015521
5015630
6315250
9003705
9006688
2202598
0
2204520
0
2204526
0
2204528
0
0
0
0
0
2204535
0
0
2204555
3205642
2204559
5015832
3205650
2212099
0
0
5008024
5015742
2212100
0
5008036
0
2212983
5015748
2212990
1008247
5010381
2212992
0
1020533
5008058
2212108
0
2212112
0
5008059
0
1020539
0
5010617
5015848
4011038
0
4011039
7304097
4011903
7301289
2212401
0
0
7302175
0
2212705
7302824
0
2212707
0
0
1020555
2212928
0
0
1012455
0
7305692
7302826
4012635
7302303
1020564
0
4012671
0
7302461
0
0
4012675
2213403
7302681
0
4012719
7302467
4012720
4012807
2213441
0
0
1014627
2213445
6317151
1000787
0
2213447
1005453
1016982
2213449
6315764
0
2213451
0
6315660
1007230
2213456
1000691
1001137
0
6315671
1000547
2213463
1000825
1000723
1000766
2213468
0
2213470
1021266
0
0
1010684
1021532
1000728
1021269
0
1011895
2213474
1001312
0
1001012
2213483
1008585
0
2213484
2213486
1000989
0
1019850
2210454
0
1011077
0
0
1017149
2202313
0
1006417
4400161
1021277
2202769
1001265
2212786
1001259
0
2212531
1001283
4400458
0
0
1001260
2208795
1001288
4400223
2210813
1001245
2210814
3450062
1001251
2210819
0
2210820
1001252
2206547
1001253
1001250
2212225
0
6315063
1021280
1000999
1021393
1021281
2212231
0
1009342
2212890
1001241
0
1014439
0
0
1001157
6315612
0
1001286
2212653
0
1001372
2212544
1001362
7305624
0
2200048
1001381
2210361
0
1007799
3203378
3201218
2208458
3200933
2208459
1017759
9003722
3200915
1020109
1010872
3203321
8004966
7305303
3200924
0
6316402
3202707
0
6315749
3201047
8001288
3303904
8005396
3304424
6316153
3200992
8007075
3208359
8006621
7102614
3306286
8008834
4001591
3305930
8006826
0
0
1018850
3306884
6316360
1018783
3306889
6316375
0
7203066
4401086
3306892
7202063
0
3306893
2206286
0
4401096
0
6317101
3304001
2209372
4401098
3306758
2210714
1004733
2210408
3305889
1020160
2212579
3305898
4401119
1012150
2211496
3305881
2211718
1012422
4401121
2211011
3305891
2211029
1017290
2211031
2212930
0
2212931
3303427
3205398
4401138
0
2212941
2212942
9000844
2212943
9000925
9000943
4401152
4401153
1001539
0
0
0
2212961
4401158
9013183
5011053
0
9000859
5005119
4401160
5005129
4401165
9000946
4401166
5010330
2212971
9000835
4401172
9000829
5008345
1015157
2212976
9013178
0
9000876
2212979
4401185
1001121
0
1001131
2212980
1016792
2212981
1003296
0
4401190
1000012
2213004
4401192
1014736
9001371
1003336
9001407
0
2213019
9001411
6318270
1012317
4401201
6004724
1016268
2213047
2213490
1016892
1013813
1016871
1016886
2213564
1016875
3305556
2213567
2213568
1012608
0
0
1009156
1003309
0
2213579
1003306
3303271
1015629
3303242
2213584
6315055
2213591
1015183
9302378
6315065
1007424
1003480
6315068
4001150
2213618
1019965
1007294
6315074
2213625
1010136
2213626
1006174
0
0
6315079
0
2204912
6315088
2213632
2208508
1017904
6315090
1018273
2213635
1017908
1018274
2213643
6315099
1012126
1000665
2207751
1000885
2213651
2207756
1013995
2213652
7103344
7103348
2213654
6315116
5009821
2208462
6315118
0
4001275
1000824
2206680
2210625
6315140
1000795
9301026
9301030
2210629
1017442
1007658
6315542
1017441
1017456
6315541
6002512
2210636
1018311
6002517
6315544
2210166
9005117
2210171
1000639
9005122
2205063
1011118
1011121
6315175
1011122
1000982
4003428
4003492
1000949
4004018
1015174
4004068
1020472
4004075
2208927
1000839
2208920
1005907
6315473
2208923
2202123
7104596
1011821
0
2211469
7100458
6315627
1001249
2211690
1001256
6315676
2207705
7104600
0
7102963
6315685
1001281
6315752
7104586
1001239
0
7102999
2202377
7103004
1012348
2211032
6316104
6315771
7103045
2211015
7103021
1000685
2211016
7103029
6315795
2211023
6315797
2211121
3450070
2211610
1001395
6315805
1002268
7102490
2209907
1005631
1005132
6315840
1000094
6005612
2212116
6315930
1004046
2211112
6005562
2209223
1004165
5002991
2200780
0
5002967
2202236
1003482
5002971
6315942
1003486
0
5002978
2211708
6315946
5006430
2212303
1017901
1004969
1011887
1004976
2205810
1003873
6315948
2212386
1007741
1015137
1018228
7304938
2212381
6315955
2210397
2205477
6315966
0
0
6315973
0
6315978
0
7302092
6315979
0
7302098
0
6315981
4001618
2213081
0
0
6316075
0
0
4001613
6315995
4001767
0
4001737
2208780
0
7305008
1012225
7305005
0
4002626
1003381
6316028
6003685
7304992
1013750
4006392
0
7305640
4012023
7305017
0
1017362
6002330
7305021
6006225
1017428
7305031
6006229
1017483
6316497
7305035
6005999
1017496
7305052
6315343
7303229
1017570
7305056
3304652
7305059
6316604
0
7303157
0
6316522
7303555
8005317
0
6316532
9014115
2206265
7305119
0
6316575
7305120
3304933
6316613
7305128
3304936
7305130
7303410
3304934
8004075
2205195
7305136
1003487
7202175
1004320
7303001
7302991
1019312
1017405
4009816
1017902
9013169
0
1004386
1013936
9004709
1017794
0
1020794
1000199
8007425
1015678
1006127
1010993
7203291
8007431
1020574
7203316
1012955
7203317
9300856
0
1001325
0
1016831
9003756
2205278
7304693
1015102
1018378
1000283
9302521
2205515
1015139
9302526
5004606
1011684
9300549
2212443
1018396
9301237
2203358
1011076
9301243
2212445
1000241
1017647
1017175
2205218
3304612
3304623
1019444
2208396
0
1017245
2206938
2211327
1017246
8007241
2207305
8007242
1010139
4008691
1014186
2200462
1000129
2207308
1000450
4401214
3201714
1007726
4003529
2209073
4401215
4003346
0
7102210
4401226
1000837
7103675
4401229
1005420
1000905
1005480
4401234
2212623
4401235
1001255
0
9004935
4401258
2203187
1017888
9004937
2210155
0
2202809
0
4401264
2205934
9005581
2208881
1000996
1000870
1000857
1000862
4401280
1000646
1000832
4401283
1000608
0
4401289
1000831
4401290
1008156
4401291
1008853
2202252
1008548
2209736
8010044
1011768
0
1000915
1008748
2209742
1000913
6316688
1000916
1000918
8000767
2209737
8003784
1000914
0
1000997
2200366
3203503
2200367
1001065
3203094
2202637
3300189
2203218
1009318
2211175
1018329
3205404
6316692
9006730
3301596
3300214
2212690
9006723
6316771
3305116
9005742
6316785
2202938
1007691
2202940
9006815
1011680
1011691
1011692
9006793
1011681
1011685
3204336
2202980
1000291
1000242
3204365
0
1018383
4001241
0
3204344
4001965
0
1012346
9014122
6315624
1018067
1014284
6315580
5010701
6315579
1000198
1013257
6315573
2208296
1000038
1000292
2208285
2201132
2201134
3303259
1019442
2201257
2208794
3303246
1000427
3306537
1015240
8004081
8004088
8004100
2208949
1019714
8004007
8003807
4005301
6316835
1017791
1000145
5004262
6316840
1017387
1019449
6316853
1000593
7201793
5011286
1014657
0
6316855
6005290
1000667
7201781
0
6316857
3304970
1001444
1019863
1001200
3206427
8008301
1011819
6316878
6316879
1001190
8007460
0
0
6316880
0
1019619
6316887
2200478
6316890
2212030
1001392
2212822
6316898
2212818
7305543
2212016
2212803
7305670
9350009
2210427
2212004
1017824
2211990
9350095
1018939
2212041
6316032
2200503
1011652
1001454
1007166
0
0
2211877
1007167
6316037
1007171
7303743
0
1010130
3202732
1013726
1001540
7303390
1014310
1018199
6316095
1018193
7303346
6316098
7303341
0
1018194
6316106
2207185
1013623
6316110
1000976
9001500
9001543
6316111
2207218
1001199
2212280
0
9001476
1017789
6316117
1019450
2211216
9005004
1012688
1020917
2211202
7301963
0
6316134
1000642
2200980
1000610
0
2208874
1002128
2207009
7302527
2211586
4002230
1020193
4003413
2201060
1017144
2201156
1020083
9006640
1000557
4005992
1001036
9006646
4003733
4003716
2209778
2207076
2203274
8004153
1000512
2202175
1005541
1014836
2209863
1000574
2214536
1018181
2208772
2208773
1018183
2211479
4004201
7304955
0
4004208
7305510
4004215
5004381
7304977
0
3303231
5007429
7305003
7304979
5004385
0
5004386
3303321
0
9011465
2202992
7305025
2201581
4006539
2208147
2202994
1016426
2202998
2203010
4006606
2204055
7305106
2207295
3306776
0
1001028
2203033
1006921
3200748
1018420
9011129
1018417
2203167
1015637
8005007
2203313
0
9005231
2203958
1019718
